1729587920419399
1729587920488495
1729587920557591
1729587920626687
1729587920695783
1729587920764879
1729587920833975
1729587920903071
1729587920972167
1729587921041263
1729587921110360
1729587921179456
1729587921248552
1729587921317648
1729587921386744
1729587921455840
1729587921524936
1729587921594032
1729587921663128
1729587921732225
1729587921801321
1729587921870417
1729587921939513
1729587922008609
1729587922077705
1729587922146801
1729587922215897
1729587922284993
1729587922354089
1729587922423185
1729587922492281
1729587922561377
1729587922630474
1729587922699570
1729587922768666
1729587922837762
1729587922906858
1729587922975954
1729587923045050
1729587923114146
1729587923183242
1729587923252338
1729587923321434
1729587923390530
1729587923459627
1729587923528723
1729587923597819
1729587923666915
1729587923736011
1729587923805107
1729587923874203
1729587923943299
1729587924012395
1729587924081491
1729587924150587
1729587924219684
1729587924288780
1729587924357876
1729587924426972
1729587924496068
1729587924565164
1729587924634260
1729587924703356
1729587924772452
1729587924841548
1729587924910645
1729587924979741
1729587925048837
1729587925117933
1729587925187029
1729587925256125
1729587925325221
1729587925394317
1729587925463413
1729587925532509
1729587925601605
1729587925670701
1729587925739798
1729587925808894
1729587925877990
1729587925947086
1729587926016182
1729587926085278
1729587926154374
1729587926223470
1729587926292566
1729587926361662
1729587926430758
1729587926499855
1729587926568951
1729587926638047
1729587926707143
1729587926776239
1729587926845335
1729587926914431
1729587926983527
1729587927052623
1729587927121719
1729587927190815
1729587927259912
1729587927329008
