1739331720758229
1739331720832454
1739331720906678
1739331720980902
1739331721055126
1739331721129350
1739331721203574
1739331721277798
1739331721352022
1739331721426246
1739331721500470
1739331721574694
1739331721648918
1739331721723143
1739331721797367
1739331721871591
1739331721945815
1739331722020039
1739331722094263
1739331722168487
1739331722242711
1739331722316935
1739331722391159
1739331722465383
1739331722539607
1739331722613832
1739331722688056
1739331722762280
1739331722836504
1739331722910728
1739331722984952
1739331723059176
1739331723133400
1739331723207624
1739331723281848
1739331723356072
1739331723430297
1739331723504521
1739331723578745
1739331723652969
1739331723727193
1739331723801417
1739331723875641
1739331723949865
1739331724024089
1739331724098313
1739331724172537
1739331724246762
1739331724320986
1739331724395210
1739331724469434
1739331724543658
1739331724617882
1739331724692106
1739331724766330
1739331724840554
1739331724914778
1739331724989002
1739331725063226
1739331725137450
1739331725211675
1739331725285899
1739331725360123
1739331725434347
1739331725508571
1739331725582795
1739331725657019
1739331725731243
1739331725805467
1739331725879691
1739331725953915
1739331726028140
1739331726102364
1739331726176588
1739331726250812
1739331726325036
1739331726399260
1739331726473484
1739331726547708
1739331726621932
1739331726696156
1739331726770380
1739331726844604
1739331726918829
1739331726993053
1739331727067277
1739331727141501
1739331727215725
1739331727289949
1739331727364173
1739331727438397
1739331727512621
1739331727586845
1739331727661069
1739331727735294
1739331727809518
1739331727883742
1739331727957966
1739331728032190
1739331728106414
1739331728180638
1739331728254862
1739331728329086
1739331728403310
1739331728477534
1739331728551758
1739331728625983
1739331728700207
1739331728774431
1739331728848655
1739331728922879
1739331728997103
1739331729071327
1739331729145551
1739331729219775
1739331729293999
1739331729368223
1739331729442448
1739331729516672
1739331729590896
1739331729665120
1739331729739344
1739331729813568
1739331729887792
1739331729962016
1739331730036240
1739331730110464
1739331730184688
1739331730258912
1739331730333137
1739331730407361
1739331730481585
1739331730555809
1739331730630033
1739331730704257
