1731057607319112
1731057607359112
1731057607399112
1731057607439112
1731057607479112
1731057607519112
1731057607559112
1731057607599112
1731057607639112
1731057607679112
1731057607719112
1731057607759112
1731057607799113
1731057607839113
1731057607879113
1731057607919113
1731057607959113
1731057607999113
1731057608039113
1731057608079113
1731057608119113
1731057608159113
1731057608199113
1731057608239113
1731057608279113
1731057608319113
1731057608359113
1731057608399113
1731057608439113
1731057608479113
1731057608519113
1731057608559113
1731057608599113
1731057608639113
1731057608679113
1731057608719113
1731057608759113
1731057608799113
1731057608839113
1731057608879113
1731057608919113
1731057608959113
1731057608999113
1731057609039113
1731057609079114
1731057609119114
1731057609159114
1731057609199114
1731057609239114
1731057609279114
1731057609319114
1731057609359114
1731057609399114
1731057609439114
1731057609479114
1731057609519114
1731057609559114
1731057609599114
1731057609639114
1731057609679114
1731057609719114
1731057609759114
1731057609799114
1731057609839114
1731057609879114
1731057609919114
1731057609959114
1731057609999114
1731057610039114
1731057610079114
1731057610119114
1731057610159114
1731057610199114
1731057610239114
1731057610279114
1731057610319115
1731057610359115
1731057610399115
1731057610439115
1731057610479115
1731057610519115
1731057610559115
1731057610599115
1731057610639115
1731057610679115
1731057610719115
1731057610759115
1731057610799115
1731057610839115
1731057610879115
1731057610919115
1731057610959115
1731057610999115
1731057611039115
1731057611079115
1731057611119115
1731057611159115
1731057611199115
1731057611239115
1731057611279115
1731057611319115
1731057611359115
1731057611399115
1731057611439115
1731057611479115
1731057611519115
1731057611559116
1731057611599116
1731057611639116
1731057611679116
1731057611719116
1731057611759116
1731057611799116
1731057611839116
1731057611879116
1731057611919116
1731057611959116
1731057611999116
1731057612039116
1731057612079116
1731057612119116
1731057612159116
1731057612199116
1731057612239116
1731057612279116
1731057612319116
1731057612359116
1731057612399116
1731057612439116
1731057612479116
1731057612519116
1731057612559116
1731057612599116
1731057612639116
1731057612679116
1731057612719116
1731057612759116
1731057612799116
1731057612839117
1731057612879117
1731057612919117
1731057612959117
1731057612999117
1731057613039117
1731057613079117
1731057613119117
1731057613159117
1731057613199117
1731057613239117
1731057613279117
1731057613319117
1731057613359117
1731057613399117
1731057613439117
1731057613479117
1731057613519117
1731057613559117
1731057613599117
1731057613639117
1731057613679117
1731057613719117
1731057613759117
1731057613799117
1731057613839117
1731057613879117
1731057613919117
1731057613959117
1731057613999117
1731057614039117
1731057614079118
1731057614119118
1731057614159118
1731057614199118
1731057614239118
1731057614279118
1731057614319118
1731057614359118
1731057614399118
1731057614439118
1731057614479118
