1731379871128722
1731379871208201
1731379871287680
1731379871367159
1731379871446638
1731379871526117
1731379871605596
1731379871685075
1731379871764554
1731379871844034
1731379871923513
1731379872002992
1731379872082471
1731379872161950
1731379872241429
1731379872320908
1731379872400387
1731379872479866
1731379872559345
1731379872638824
1731379872718303
1731379872797783
1731379872877262
1731379872956741
1731379873036220
1731379873115699
1731379873195178
1731379873274657
1731379873354136
1731379873433615
1731379873513094
1731379873592573
1731379873672053
1731379873751532
1731379873831011
1731379873910490
1731379873989969
1731379874069448
1731379874148927
1731379874228406
1731379874307885
1731379874387364
1731379874466843
1731379874546322
1731379874625802
1731379874705281
1731379874784760
1731379874864239
1731379874943718
1731379875023197
1731379875102676
1731379875182155
1731379875261634
1731379875341113
1731379875420592
1731379875500072
1731379875579551
1731379875659030
1731379875738509
1731379875817988
1731379875897467
1731379875976946
1731379876056425
1731379876135904
1731379876215383
1731379876294862
1731379876374341
1731379876453821
1731379876533300
1731379876612779
1731379876692258
1731379876771737
1731379876851216
1731379876930695
1731379877010174
1731379877089653
1731379877169132
1731379877248611
1731379877328091
1731379877407570
1731379877487049
1731379877566528
1731379877646007
1731379877725486
1731379877804965
1731379877884444
1731379877963923
1731379878043402
1731379878122881
1731379878202360
1731379878281840
1731379878361319
1731379878440798
1731379878520277
1731379878599756
1731379878679235
1731379878758714
1731379878838193
1731379878917672
1731379878997151
1731379879076630
1731379879156109
1731379879235589
1731379879315068
1731379879394547
1731379879474026
1731379879553505
1731379879632984
1731379879712463
1731379879791942
1731379879871421
1731379879950900
1731379880030379
1731379880109859
1731379880189338
1731379880268817
1731379880348296
1731379880427775
1731379880507254
1731379880586733
1731379880666212
1731379880745691
1731379880825170
1731379880904649
1731379880984128
1731379881063608
1731379881143087
1731379881222566
1731379881302045
1731379881381524
1731379881461003
1731379881540482
1731379881619961
1731379881699440
1731379881778919
1731379881858398
1731379881937878
1731379882017357
1731379882096836
1731379882176315
1731379882255794
1731379882335273
1731379882414752
1731379882494231
1731379882573710
1731379882653189
1731379882732668
1731379882812147
1731379882891627
1731379882971106
1731379883050585
1731379883130064
1731379883209543
1731379883289022
1731379883368501
1731379883447980
1731379883527459
1731379883606938
1731379883686417
1731379883765897
1731379883845376
1731379883924855
1731379884004334
1731379884083813
1731379884163292
1731379884242771
1731379884322250
1731379884401729
1731379884481208
1731379884560687
1731379884640166
1731379884719646
1731379884799125
1731379884878604
1731379884958083
1731379885037562
1731379885117041
1731379885196520
1731379885275999
1731379885355478
1731379885434957
1731379885514436
1731379885593916
1731379885673395
1731379885752874
1731379885832353
1731379885911832
1731379885991311
1731379886070790
1731379886150269
1731379886229748
1731379886309227
1731379886388706
1731379886468185
1731379886547665
1731379886627144
1731379886706623
1731379886786102
1731379886865581
1731379886945060
1731379887024539
1731379887104018
1731379887183497
1731379887262976
1731379887342455
1731379887421934
1731379887501414
1731379887580893
1731379887660372
1731379887739851
1731379887819330
1731379887898809
1731379887978288
1731379888057767
1731379888137246
1731379888216725
1731379888296204
1731379888375684
1731379888455163
1731379888534642
1731379888614121
1731379888693600
