1731390576310318
1731390576369712
1731390576429107
1731390576488501
1731390576547895
1731390576607289
1731390576666683
1731390576726077
1731390576785471
1731390576844865
1731390576904259
1731390576963653
1731390577023047
1731390577082441
1731390577141836
1731390577201230
1731390577260624
1731390577320018
1731390577379412
1731390577438806
1731390577498200
1731390577557594
1731390577616988
1731390577676382
1731390577735776
1731390577795171
1731390577854565
1731390577913959
1731390577973353
1731390578032747
1731390578092141
1731390578151535
1731390578210929
1731390578270323
1731390578329717
1731390578389111
1731390578448505
1731390578507900
1731390578567294
1731390578626688
1731390578686082
1731390578745476
1731390578804870
1731390578864264
1731390578923658
1731390578983052
1731390579042446
1731390579101840
1731390579161235
1731390579220629
1731390579280023
1731390579339417
1731390579398811
1731390579458205
1731390579517599
1731390579576993
1731390579636387
1731390579695781
1731390579755175
1731390579814569
1731390579873964
1731390579933358
1731390579992752
1731390580052146
1731390580111540
1731390580170934
1731390580230328
1731390580289722
1731390580349116
1731390580408510
1731390580467904
1731390580527298
1731390580586693
1731390580646087
1731390580705481
1731390580764875
1731390580824269
1731390580883663
1731390580943057
1731390581002451
1731390581061845
1731390581121239
1731390581180633
1731390581240028
1731390581299422
1731390581358816
1731390581418210
1731390581477604
1731390581536998
1731390581596392
1731390581655786
1731390581715180
1731390581774574
1731390581833968
1731390581893362
1731390581952757
1731390582012151
1731390582071545
1731390582130939
1731390582190333
1731390582249727
1731390582309121
1731390582368515
1731390582427909
1731390582487303
1731390582546697
1731390582606092
1731390582665486
1731390582724880
1731390582784274
1731390582843668
1731390582903062
1731390582962456
1731390583021850
1731390583081244
1731390583140638
1731390583200032
1731390583259426
1731390583318821
1731390583378215
