1724047673488653
1724047673521994
1724047673555335
1724047673588676
1724047673622017
1724047673655358
1724047673688700
1724047673722041
1724047673755382
1724047673788723
1724047673822064
1724047673855405
1724047673888746
1724047673922087
1724047673955428
1724047673988769
1724047674022110
1724047674055452
1724047674088793
1724047674122134
1724047674155475
1724047674188816
1724047674222157
1724047674255498
1724047674288839
1724047674322180
1724047674355521
1724047674388862
1724047674422204
1724047674455545
1724047674488886
1724047674522227
1724047674555568
1724047674588909
1724047674622250
1724047674655591
1724047674688932
1724047674722273
1724047674755614
1724047674788956
1724047674822297
1724047674855638
1724047674888979
1724047674922320
1724047674955661
1724047674989002
1724047675022343
1724047675055684
1724047675089025
1724047675122366
1724047675155708
1724047675189049
1724047675222390
1724047675255731
1724047675289072
1724047675322413
1724047675355754
1724047675389095
1724047675422436
1724047675455777
1724047675489118
1724047675522460
1724047675555801
1724047675589142
1724047675622483
1724047675655824
1724047675689165
1724047675722506
1724047675755847
1724047675789188
1724047675822529
1724047675855870
1724047675889211
1724047675922553
1724047675955894
1724047675989235
1724047676022576
1724047676055917
1724047676089258
1724047676122599
1724047676155940
1724047676189281
1724047676222622
1724047676255963
1724047676289305
1724047676322646
1724047676355987
1724047676389328
1724047676422669
1724047676456010
1724047676489351
1724047676522692
1724047676556033
1724047676589374
1724047676622715
1724047676656057
1724047676689398
1724047676722739
1724047676756080
1724047676789421
1724047676822762
1724047676856103
1724047676889444
1724047676922785
1724047676956126
1724047676989467
1724047677022809
1724047677056150
1724047677089491
1724047677122832
1724047677156173
1724047677189514
1724047677222855
1724047677256196
1724047677289537
1724047677322878
1724047677356219
1724047677389561
1724047677422902
1724047677456243
1724047677489584
1724047677522925
1724047677556266
1724047677589607
1724047677622948
1724047677656289
1724047677689630
1724047677722971
1724047677756313
1724047677789654
1724047677822995
1724047677856336
1724047677889677
1724047677923018
1724047677956359
1724047677989700
1724047678023041
1724047678056382
1724047678089723
1724047678123065
1724047678156406
1724047678189747
1724047678223088
1724047678256429
1724047678289770
1724047678323111
1724047678356452
1724047678389793
1724047678423134
1724047678456475
1724047678489816
1724047678523158
1724047678556499
1724047678589840
1724047678623181
1724047678656522
1724047678689863
1724047678723204
1724047678756545
1724047678789886
1724047678823227
1724047678856568
1724047678889910
1724047678923251
1724047678956592
1724047678989933
1724047679023274
1724047679056615
1724047679089956
1724047679123297
1724047679156638
1724047679189979
1724047679223320
1724047679256662
1724047679290003
1724047679323344
1724047679356685
1724047679390026
1724047679423367
1724047679456708
1724047679490049
1724047679523390
1724047679556731
1724047679590072
1724047679623414
1724047679656755
1724047679690096
1724047679723437
1724047679756778
1724047679790119
1724047679823460
1724047679856801
1724047679890142
1724047679923483
1724047679956824
1724047679990166
1724047680023507
1724047680056848
1724047680090189
1724047680123530
